TILEMAP
60 8						-- Size of tile map in tiles [Width - Hight]
64 32 64 					-- Tile size [x·x] & block size [x·y]
images/Back-2.png 				-- Tilesheet
2 5						-- Number of tiles in tilesheet
-1,-1,-1,-1,-1,-1,-1,-1,-1,-1,-1,-1,-1,-1,-1,-1,-1,-1,-1,-1,-1,-1,-1,-1,-1,-1,-1,-1,-1,-1,-1,-1,-1,-1,-1,-1,-1,-1,-1,-1,-1,-1,-1,-1,-1,-1,-1,-1,-1,-1,-1,-1,-1,-1,-1,-1,-1,-1,-1,-1
-1,-1,-1,-1,-1,-1,-1,-1,-1,-1,-1,-1,-1,-1,-1,-1,-1,-1,-1,-1,-1,-1,-1,-1,-1,-1,-1,-1,-1,-1,-1,-1,-1,-1,-1,-1,-1,-1,-1,-1,-1,-1,-1,-1,-1,2,-1,-1,-1,-1,-1,-1,-1,-1,-1,-1,-1,-1,-1,-1
-1,5,2,2,2,2,0,2,4,2,2,2,2,0,2,2,0,2,0,4,2,2,2,0,2,0,2,2,5,2,0,2,2,0,0,2,0,0,0,0,4,2,0,0,2,0,2,0,0,2,0,0,8,9,0,0,2,0,0,-1
-1,-1,5,2,-1,-1,-1,-1,6,0,2,-1,-1,-1,-1,-1,-1,-1,-1,-1,1,4,2,2,2,2,0,2,2,5,0,0,-1,-1,-1,-1,-1,-1,-1,-1,0,2,2,0,2,0,0,2,2,0,2,0,-1,-1,0,0,4,0,0,-1
-1,-1,-1,1,2,2,2,2,2,0,2,4,2,2,2,2,4,0,0,0,-1,-1,3,4,2,2,2,2,0,2,3,4,0,4,2,4,2,4,2,2,4,0,-1,-1,-1,-1,-1,-1,-1,-1,-1,-1,-1,-1,-1,-1,0,3,0,-1
-1,-1,-1,-1,-1,-1,-1,-1,-1,-1,-1,6,0,0,-1,-1,0,1,0,-1,-1,-1,-1,-1,1,4,2,2,0,0,-1,2,1,0,1,0,1,0,1,2,2,3,-1,-1,-1,-1,-1,-1,-1,-1,-1,-1,-1,-1,-1,-1,3,3,2,-1
-1,1,-1,-1,0,4,0,4,2,4,0,0,2,0,4,2,2,0,-1,-1,-1,-1,-1,-1,-1,-1,3,4,0,2,6,0,2,6,2,0,0,0,2,2,2,3,-1,-1,-1,-1,-1,-1,-1,-1,-1,-1,-1,-1,-1,-1,3,3,2,-1
-1,-1,-1,-1,-1,-1,1,-1,1,-1,1,-1,-1,-1,1,1,0,-1,-1,-1,-1,-1,-1,-1,-1,-1,-1,1,1,0,0,0,0,0,2,0,0,-1,-1,-1,0,1,-1,-1,-1,-1,-1,-1,-1,-1,-1,-1,-1,-1,-1,-1,0,1,0,-1
