TILEMAP
88 9						-- Size of tile map in tiles [Width - Hight]
64 32 64 					-- Tile size [x·x] & block size [x·y]
images/Wall.png 				-- Tilesheet
2 5						-- Number of tiles in tilesheet
6,8,-1,-1,-1,9,-1,-1,-1,-1,9,-1,0,4,4,2,3,2,2,3,2,3,2,2,2,2,2,2,2,7,8,-1,-1,-1,-1,-1,-1,9,9,-1,-1,-1,-1,-1,-1,-1,-1,9,9,-1,-1,-1,-1,-1,-1,-1,-1,-1,-1,-1,-1,-1,-1,-1,-1,-1,0,4,-1,-1,-1,-1,-1,-1,-1,-1,-1,-1,-1,-1,-1,-1,-1,-1,-1,-1,-1,-1
9,-1,-1,-1,-1,0,2,3,3,4,7,-1,9,-1,0,4,5,4,4,5,4,2,2,7,8,-1,9,-1,-1,9,-1,-1,9,-1,-1,0,4,4,4,4,4,4,4,4,4,4,4,4,4,4,4,4,4,7,9,-1,0,7,-1,-1,-1,9,-1,0,4,4,4,4,-1,-1,-1,-1,-1,-1,-1,-1,-1,-1,-1,-1,-1,-1,-1,-1,-1,-1,-1,-1
9,-1,-1,-1,-1,0,4,4,5,3,4,4,7,-1,9,-1,-1,-1,-1,-1,9,-1,-1,9,-1,-1,0,4,4,4,9,-1,9,-1,-1,0,4,4,4,4,4,4,4,4,4,4,4,4,4,7,-1,-1,-1,-1,9,-1,0,2,2,2,2,7,-1,9,-1,-1,-1,0,-1,-1,-1,-1,-1,-1,-1,-1,-1,-1,-1,-1,-1,-1,-1,-1,-1,-1,-1,-1
9,-1,-1,-1,-1,9,-1,-1,-1,-1,-1,-1,-1,-1,-1,-1,-1,9,-1,-1,-1,-1,-1,-1,-1,-1,-1,-1,-1,-1,-1,-1,9,-1,-1,9,-1,-1,-1,-1,-1,-1,-1,-1,-1,-1,-1,-1,-1,-1,-1,-1,9,-1,-1,-1,-1,9,-1,-1,0,4,4,6,8,-1,0,4,4,4,4,4,4,4,4,4,2,7,-1,-1,-1,-1,-1,-1,-1,-1,-1,0
9,-1,-1,-1,-1,9,-1,-1,-1,9,9,-1,-1,2,-1,-1,0,2,3,2,-1,-1,-1,-1,-1,-1,-1,-1,-1,-1,9,-1,9,-1,-1,0,4,7,-1,-1,-1,-1,-1,-1,9,-1,-1,0,2,2,6,-1,0,2,2,2,2,6,-1,-1,9,-1,-1,9,-1,-1,9,-1,9,-1,-1,-1,-1,-1,-1,-1,-1,9,9,-1,-1,-1,-1,-1,-1,-1,-1,0
6,-1,-1,-1,-1,9,-1,0,2,2,2,2,2,2,-1,-1,0,2,3,2,3,4,3,4,7,-1,0,4,4,4,7,-1,9,-1,-1,9,-1,0,4,4,7,-1,-1,0,4,4,4,4,4,2,6,-1,-1,2,2,2,2,2,2,2,2,2,2,2,2,2,2,2,2,4,4,4,4,4,4,4,4,4,4,4,4,4,4,4,4,4,4,4
6,-1,-1,-1,-1,9,-1,9,-1,0,2,2,2,2,2,8,0,4,5,4,5,5,5,3,7,8,0,4,4,4,7,-1,9,-1,-1,-1,-1,0,4,4,6,-1,-1,0,4,4,4,4,4,-1,-1,-1,-1,-1,-1,-1,-1,-1,-1,-1,-1,-1,-1,-1,-1,-1,-1,-1,-1,-1,-1,-1,-1,-1,-1,-1,-1,-1,-1,-1,-1,-1,-1,-1,-1,-1,-1,-1
6,-1,-1,0,2,4,3,7,-1,9,9,-1,-1,-1,9,-1,9,-1,-1,9,9,-1,-1,9,-1,-1,-1,0,4,4,4,4,4,7,9,-1,-1,0,4,4,6,8,-1,-1,0,4,4,4,4,-1,-1,-1,-1,-1,-1,-1,-1,-1,-1,-1,-1,-1,-1,-1,-1,-1,-1,-1,-1,-1,-1,-1,-1,-1,-1,-1,-1,-1,-1,-1,-1,-1,-1,-1,-1,-1,-1,-1
6,-1,-1,0,2,5,4,4,4,4,4,5,2,2,2,2,2,2,2,2,2,2,2,2,-1,-1,-1,0,4,4,4,4,4,4,7,-1,-1,9,9,-1,9,-1,-1,-1,0,4,4,4,4,-1,-1,-1,-1,-1,-1,-1,-1,-1,-1,-1,-1,-1,-1,-1,-1,-1,-1,-1,-1,-1,-1,-1,-1,-1,-1,-1,-1,-1,-1,-1,-1,-1,-1,-1,-1,-1,-1,-1
