TILEMAP
20 7						-- Size of tile map in tiles [Width - Hight]
64 32 64 					-- Tile size [x·x] & block size [x·y]
images/Back.png 				-- Tilesheet
2 5						-- Number of tiles in tilesheet
-1,-1,-1,-1,-1,-1,-1,-1,-1,-1,-1,-1,-1,-1,-1,-1,-1,-1,-1,-1
-1,3,0,0,2,0,2,0,2,2,0,0,2,0,2,8,9,0,0,-1
-1,3,0,2,0,2,0,2,2,2,0,0,2,2,0,-1,-1,0,0,-1
-1,3,0,0,2,0,2,2,0,0,0,0,-1,-1,-1,-1,-1,-1,-1,-1
-1,3,8,9,0,0,2,2,2,0,0,-1,-1,-1,-1,-1,-1,-1,-1,-1
-1,1,0,2,0,2,0,0,0,0,0,2,2,0,0,2,2,0,0,-1
-1,-1,-1,-1,-1,-1,-1,-1,-1,-1,-1,-1,-1,-1,-1,-1,-1,-1,-1,-1
