TILEMAP
32 8						-- Size of tile map in tiles [Width - Hight]
64 32 64 					-- Tile size [x·x] & block size [x·y]
images/Back.png 				-- Tilesheet
2 5						-- Number of tiles in tilesheet
0,3,8,9,0,2,2,0,2,2,2,0,0,0,0,0,0,0,0,-1,-1,-1,-1,-1,-1,-1,-1,-1,-1,-1,-1,-1
-1,1,2,2,0,4,0,0,0,4,2,2,0,4,2,0,4,0,0,-1,-1,-1,-1,0,8,9,0,-1,-1,-1,-1,-1
-1,-1,-1,-1,-1,-1,1,0,-1,-1,1,0,-1,-1,1,2,-1,3,0,-1,7,0,0,0,0,0,0,0,0,0,-1,-1
-1,-1,-1,-1,-1,-1,-1,-1,-1,-1,-1,-1,-1,-1,-1,-1,-1,1,0,-1,7,0,0,0,0,0,0,0,0,0,-1,-1
0,3,2,0,2,0,0,2,0,0,2,0,0,2,2,0,0,0,0,-1,5,0,0,0,0,0,0,0,0,0,-1,-1
2,3,0,0,2,0,-1,-1,-1,-1,-1,-1,-1,-1,-1,-1,-1,-1,-1,-1,6,0,0,0,0,0,0,0,0,0,-1,-1
0,1,0,0,0,0,0,0,0,2,0,0,0,2,0,0,0,2,0,0,4,0,0,4,0,0,4,0,0,0,-1,-1
-1,-1,-1,-1,-1,-1,-1,-1,-1,-1,-1,-1,-1,-1,-1,-1,-1,-1,-1,-1,-1,1,0,0,1,0,0,1,0,-1,-1,-1
