TILEMAP
88 9						-- Size of tile map in tiles [Width - Hight]
64 32 64 					-- Tile size [x·x] & block size [x·y]
images/Ground.png 				-- Tilesheet
2 5						-- Number of tiles in tilesheet
-1,-1,-1,-1,-1,6,0,0,0,0,6,-1,-1,-1,-1,-1,-1,-1,-1,-1,-1,-1,-1,-1,-1,-1,-1,-1,-1,-1,-1,-1,0,0,0,0,0,6,6,0,0,0,0,0,0,0,0,6,6,0,0,0,3,7,3,-1,0,7,-1,-1,-1,0,0,0,0,0,-1,-1,-1,-1,-1,-1,-1,-1,-1,-1,-1,-1,-1,-1,-1,-1,-1,-1,-1,-1,-1,-1
6,-1,-1,-1,-1,-1,-1,-1,-1,-1,-1,5,6,-1,-1,-1,-1,-1,-1,-1,-1,-1,-1,-1,-1,-1,6,0,0,6,0,0,6,4,4,-1,-1,-1,-1,-1,-1,-1,-1,-1,-1,-1,-1,-1,-1,-1,-1,-1,-1,-1,6,-1,-1,-1,0,0,0,6,-1,-1,-1,-1,-1,-1,-1,-1,-1,-1,-1,-1,-1,-1,-1,-1,-1,-1,-1,-1,-1,-1,-1,-1,-1,-1
6,-1,-1,-1,-1,-1,-1,-1,-1,-1,-1,-1,-1,0,6,2,0,0,4,0,6,0,0,6,5,5,-1,-1,-1,-1,6,0,6,0,0,-1,-1,-1,-1,-1,-1,-1,-1,-1,-1,-1,-1,-1,-1,-1,0,0,0,4,6,5,-1,-1,-1,-1,-1,-1,5,6,4,0,0,-1,-1,-1,-1,-1,-1,-1,-1,-1,-1,-1,-1,-1,-1,-1,-1,-1,-1,-1,-1,-1
6,-1,-1,-1,-1,6,0,0,0,0,0,4,4,3,-1,-1,0,6,0,7,-1,-1,-1,-1,-1,-1,-1,-1,-1,-1,3,0,6,4,4,6,0,7,-1,-1,-1,-1,-1,-1,3,0,0,7,0,0,3,-1,6,0,0,0,0,6,-1,-1,-1,-1,-1,-1,-1,-1,-1,-1,-1,-1,-1,-1,-1,-1,-1,-1,-1,-1,3,-1,-1,-1,-1,-1,-1,-1,-1,-1
6,-1,-1,-1,-1,6,0,0,0,6,6,0,0,-1,-1,-1,-1,-1,-1,-1,0,0,0,0,0,4,0,3,0,0,6,0,6,-1,-1,-1,-1,-1,0,0,0,4,-1,0,6,3,0,-1,-1,-1,-1,-1,-1,-1,-1,-1,-1,-1,0,0,6,0,0,6,0,0,6,0,6,0,0,0,0,0,0,0,0,6,6,0,0,8,9,0,0,0,0,-1
-1,0,0,0,0,6,-1,-1,-1,-1,-1,-1,-1,-1,2,-1,-1,-1,-1,-1,-1,-1,-1,-1,-1,-1,-1,-1,-1,-1,-1,4,6,0,0,6,0,-1,-1,-1,-1,-1,-1,-1,-1,-1,-1,-1,-1,-1,-1,2,2,-1,-1,-1,-1,-1,-1,-1,-1,-1,-1,-1,-1,-1,-1,-1,-1,-1,-1,-1,-1,-1,-1,-1,-1,-1,-1,-1,-1,-1,-1,-1,-1,-1,-1,-1
-1,-1,-1,0,0,6,5,6,-1,-1,-1,-1,-1,-1,-1,-1,-1,-1,-1,-1,-1,-1,-1,-1,-1,-1,-1,-1,-1,-1,-1,0,6,0,0,-1,-1,-1,-1,-1,-1,-1,-1,-1,-1,-1,-1,-1,-1,-1,-1,-1,-1,-1,-1,-1,-1,-1,-1,-1,-1,-1,-1,-1,-1,-1,-1,-1,-1,-1,-1,-1,-1,-1,-1,-1,-1,-1,-1,-1,-1,-1,-1,-1,-1,-1,-1,-1
-1,-1,-1,-1,-1,-1,-1,-1,5,6,6,0,0,0,6,2,6,0,0,6,6,0,0,6,-1,-1,-1,-1,-1,-1,-1,-1,-1,-1,6,-1,-1,-1,-1,-1,-1,-1,-1,-1,-1,-1,-1,-1,-1,-1,-1,-1,-1,-1,-1,-1,-1,-1,-1,-1,-1,-1,-1,-1,-1,-1,-1,-1,-1,-1,-1,-1,-1,-1,-1,-1,-1,-1,-1,-1,-1,-1,-1,-1,-1,-1,-1,-1
-1,2,2,-1,-1,-1,-1,-1,-1,-1,-1,-1,-1,-1,-1,-1,-1,-1,-1,-1,-1,-1,-1,-1,0,0,5,-1,-1,-1,-1,-1,-1,-1,-1,2,2,6,6,0,6,0,5,0,-1,-1,-1,-1,-1,-1,-1,-1,-1,-1,-1,-1,-1,-1,-1,-1,-1,-1,-1,-1,-1,-1,-1,-1,-1,-1,-1,-1,-1,-1,-1,-1,-1,-1,-1,-1,-1,-1,-1,-1,-1,-1,-1,-1
