TILEMAP
20 7						-- Size of tile map in tiles [Width - Hight]
64 32 64 					-- Tile size [x·x] & block size [x·y]
images/Wall.png 				-- Tilesheet
2 5						-- Number of tiles in tilesheet
2,2,2,2,2,2,2,2,2,2,2,2,2,2,2,2,2,2,2,2
7,-1,-1,-1,-1,-1,-1,-1,-1,-1,-1,-1,-1,-1,-1,-1,-1,-1,-1,0
6,-1,-1,-1,-1,-1,-1,-1,-1,-1,-1,-1,-1,-1,-1,-1,-1,-1,-1,1
6,-1,-1,-1,-1,-1,-1,-1,-1,-1,-1,9,0,3,5,3,3,4,2,3
7,-1,-1,-1,-1,-1,-1,-1,-1,-1,9,0,4,5,4,4,5,4,4,5
7,-1,-1,-1,-1,-1,-1,-1,-1,9,-1,-1,-1,-1,-1,-1,-1,-1,-1,0
2,2,2,2,2,2,2,2,2,2,2,2,2,2,2,2,2,2,2,2
