TILEMAP
60 8						-- Size of tile map in tiles [Width - Hight]
64 32 64 					-- Tile size [x·x] & block size [x·y]
images/Wall-2.png 				-- Tilesheet
2 5						-- Number of tiles in tilesheet
2,5,2,2,2,2,2,5,4,2,2,3,2,5,2,5,2,2,2,2,2,5,2,4,2,2,3,2,2,5,4,2,2,3,2,5,2,5,2,2,2,2,2,5,2,4,2,2,3,2,5,2,5,2,2,2,2,2,5,2
2,2,3,2,2,5,2,5,2,2,2,4,2,2,3,2,4,2,2,3,2,5,2,5,2,2,2,2,2,5,4,2,2,3,2,5,2,5,2,2,2,2,2,5,2,4,2,2,3,2,5,2,5,2,2,2,2,2,5,2
7,-1,-1,-1,9,-1,-1,-1,9,-1,-1,9,-1,-1,-1,-1,-1,-1,-1,9,-1,-1,-1,-1,-1,-1,0,7,-1,-1,-1,-1,-1,-1,-1,-1,-1,-1,-1,-1,-1,-1,-1,-1,-1,-1,-1,-1,-1,-1,-1,-1,-1,-1,-1,-1,-1,-1,-1,0
2,7,-1,-1,1,2,5,2,3,8,-1,0,2,3,5,2,5,2,3,7,-1,-1,-1,-1,-1,-1,-1,0,7,-1,-1,5,2,3,2,5,2,2,4,4,7,8,-1,-1,-1,-1,-1,-1,-1,-1,-1,-1,-1,-1,-1,-1,-1,-1,-1,1
2,2,7,-1,9,-1,-1,-1,9,-1,-1,9,-1,-1,9,-1,9,-1,-1,-1,1,6,-1,-1,-1,-1,-1,-1,0,7,-1,-1,-1,-1,-1,-1,-1,-1,-1,-1,-1,-1,0,2,2,2,2,2,4,2,2,5,2,2,5,2,2,-1,-1,0
2,3,4,5,2,2,3,2,4,5,2,3,8,-1,1,3,7,-1,-1,1,3,2,5,7,-1,-1,-1,-1,-1,-1,0,7,-1,6,-1,7,-1,6,-1,-1,7,-1,1,2,3,2,2,5,2,2,2,3,2,4,4,2,5,-1,-1,1
7,-1,-1,-1,-1,9,-1,9,-1,-1,9,-1,-1,-1,9,-1,-1,-1,1,2,2,3,2,2,3,6,-1,-1,-1,-1,-1,-1,-1,-1,-1,-1,-1,-1,-1,0,6,-1,0,2,2,3,2,4,5,3,5,2,5,2,2,2,3,-1,-1,1
5, 4, 5, 2, 3,7,-1,7,-1,-1, 7,7,2,3,6,-1,-1,0,2,5,2,2,2,5,2,2,2,7,-1,-1,9,-1,-1,9,-1,-1,9,0,2,2,7,-1,0,3,5,2,5,2,2,2,3,2,2,5,2,3,5,-1,-1,0
