TILEMAP
32 8						-- Size of tile map in tiles [Width - Hight]
64 32 64 					-- Tile size [x·x] & block size [x·y]
images/Ground.png 				-- Tilesheet
2 5						-- Number of tiles in tilesheet
-1,-1,-1,-1,-1,-1,-1,-1,-1,-1,-1,-1,-1,-1,-1,-1,-1,-1,-1,-1,-1,-1,-1,-1,-1,-1,-1,-1,-1,-1,-1,-1
-1,0,8,9,0,0,4,4,0,0,-1,-1,0,0,-1,-1,0,-1,-1,-1,-1,-1,-1,-1,-1,-1,-1,-1,-1,-1,-1,-1
-1,-1,-1,-1,-1,-1,2,2,-1,-1,2,2,-1,-1,2,2,-1,-1,0,-1,6,-1,-1,0,8,9,0,-1,-1,-1,-1,-1
-1,-1,-1,-1,-1,-1,-1,-1,-1,-1,-1,-1,-1,-1,-1,-1,-1,0,-1,-1,6,-1,-1,-1,-1,-1,-1,-1,-1,-1,-1,-1
-1,-1,-1,-1,-1,-1,0,0,0,0,0,2,0,0,0,0,0,0,0,-1,6,-1,0,-1,0,0,-1,0,-1,0,-1,-1
-1,-1,-1,-1,0,5,-1,-1,-1,-1,-1,-1,-1,-1,-1,-1,-1,-1,-1,-1,-1,-1,-1,-1,-1,-1,-1,-1,-1,6,-1,-1
-1,5,0,0,6,6,0,0,0,6,6,0,0,0,6,6,0,0,0,0,6,-1,-1,0,-1,-1,0,-1,-1,6,-1,-1
-1,-1,-1,-1,-1,-1,-1,-1,-1,-1,-1,-1,-1,-1,-1,-1,-1,-1,-1,-1,-1,2,2,-1,2,2,-1,2,2,-1,-1,-1