TILEMAP
60 8						-- Size of tile map in tiles [Width - Hight]
64 32 64 					-- Tile size [x·x] & block size [x·y]
images/Ground-2.png 				-- Tilesheet
2 5						-- Number of tiles in tilesheet
-1,-1,-1,-1,-1,-1,-1,-1,-1,-1,-1,-1,-1,-1,-1,-1,-1,-1,-1,-1,-1,-1,-1,-1,-1,-1,-1,-1,-1,-1,-1,-1,-1,-1,-1,-1,-1,-1,-1,-1,-1,-1,-1,-1,-1,-1,-1,-1,-1,-1,-1,-1,-1,-1,-1,-1,-1,-1,-1,-1
-1,-1,-1,-1,-1,-1,-1,-1,-1,-1,-1,-1,-1,-1,-1,-1,-1,-1,-1,-1,-1,-1,-1,-1,-1,-1,-1,-1,-1,-1,-1,-1,-1,-1,-1,-1,-1,-1,-1,-1,-1,-1,-1,-1,-1,-1,-1,-1,-1,-1,-1,-1,-1,-1,-1,-1,-1,-1,0,-1
-1,0,-1,-1,6,0,2,0,6,-1,-1,6,0,2,0,0,0,0,0,6,-1,-1,-1,-1,-1,-1,-1,-1,0,-1,-1,0,0,0,0,0,0,0,0,0,0,-1,-1,-1,-1,-1,-1,-1,-1,-1,-1,-1,-1,-1,-1,-1,-1,-1,-1,-1
-1,-1,0,-1,-1,-1,-1,-1,-1,-1,-1,-1,-1,-1,-1,-1,-1,-1,-1,-1,2,0,-1,-1,-1,-1,-1,-1,-1,0,-1,-1,-1,-1,-1,-1,-1,-1,-1,-1,-1,-1,2,0,0,0,0,0,0,0,0,0,8,9,0,0,0,-1,-1,-1
-1,-1,-1,0,6,0,0,0,6,5,5,6,-1,-1,6,0,6,-1,-1,0,-1,-1,2,0,-1,-1,-1,-1,-1,-1,0,0,-1,0,-1,0,-1,0,-1,-1,0,-1,-1,-1,-1,-1,-1,-1,-1,-1,-1,-1,-1,-1,-1,-1,-1,-1,-1,-1
-1,-1,-1,-1,-1,-1,-1,-1,-1,-1,-1,-1,-1,-1,-1,-1,-1,-1,0,-1,-1,-1,-1,-1,2,0,-1,-1,-1,-1,-1,-1,-1,-1,-1,-1,-1,-1,-1,0,-1,-1,-1,-1,-1,-1,-1,-1,-1,-1,-1,-1,-1,-1,-1,-1,-1,-1,-1,-1
-1, 0, 8, 9, 0, 6,-1, 6,-1,-1, 6, 0, 5, 5, 6,-1,-1,0,-1,-1,-1,-1,-1,-1,-1,-1,2,0,-1,-1,0,-1,-1,0,-1,-1,0,0,0,-1,-1,-1,-1,-1,-1,-1,-1,-1,-1,-1,-1,-1,-1,-1,-1,-1,-1,-1,-1,-1
-1,-1,-1,-1,-1,-1, 2,-1, 2, 2,-1,-1,-1,-1,-1, 2, 2,-1,-1,-1,-1,-1,-1,-1,-1,-1,-1,-1,2,2,6,2,2,6,2,2,6,-1,-1,-1,-1,2,-1,-1,-1,-1,-1,-1,-1,-1,-1,-1,-1,-1,-1,-1,-1,2,2,-1
