TILEMAP
32 8						-- Size of tile map in tiles [Width - Hight]
64 32 64 					-- Tile size [x·x] & block size [x·y]
images/Wall.png 				-- Tilesheet
2 5						-- Number of tiles in tilesheet
7,-1,-1,-1,-1,-1,-1,-1,-1,-1,-1,-1,-1,-1,-1,-1,-1,-1,-1,0,5,4,4,5,4,4,4,4,5,4,4,2
7,-1,-1,-1,-1,-1,-1,-1,-1,-1,-1,-1,-1,-1,-1,-1,-1,-1,-1,0,4,4,5,4,8,-1,-1,0,4,4,5,2
3,2,5,2,2,7,-1,-1,0,7,-1,-1,0,7,-1,-1,0,-1,-1,0,9,-1,-1,-1,-1,-1,-1,0,5,0,4,2
3,5,2,4,5,2,4,2,4,2,5,2,2,4,2,4,7,-1,-1,1,9,-1,-1,-1,-1,-1,-1,0,4,4,5,2
7,-1,-1,-1,-1,-1,-1,-1,-1,-1,-1,-1,-1,-1,-1,-1,-1,-1,-1,1,9,-1,-1,-1,-1,-1,-1,-1,-1,-1,1,2
7,-1,-1,-1,-1,-1,1,5,3,2,2,5,2,2,3,5,2,2,2,2,6,8,-1,-1,-1,-1,-1,-1,-1,9,1,2
7,-1,-1,-1,9,9,-1,-1,-1,9,9,-1,-1,-1,9,9,-1,-1,-1,-1,9,-1,-1,-1,-1,-1,-1,-1,-1,9,1,2
4,2,4,2,5,2,2,4,2,4,4,2,4,2,5,2,2,4,2,2,7,-1,-1,7,-1,-1,6,-1,-1,0,4,2
