TILEMAP
130 12						-- Size of tile map in tiles [Width - Hight]
64 32 64 					-- Tile size [x·x] & block size [x·y]
images/Wall-2.png 				-- Tilesheet
2 5						-- Number of tiles in tilesheet
-1,-1,-1,-1,-1,0,2,2,2,2,2,7,8,-1,-1,-1,-1,1,2,3,4,5,2,3,2,3,5,8,-1,0,4,4,4,2,2,2,2,2,2,2,2,2,2,2,2,2,2,2,2,2,2,2,2,2,2,2,4,4,2,2,-1,-1,-1,-1,-1,-1,-1,-1,-1,-1,-1,-1,-1,-1,-1,-1,-1,-1,-1,-1,-1,-1,-1,-1,-1,-1,-1,-1,-1,-1,-1,-1,-1,-1,-1,-1,-1,-1,-1,-1,-1,-1
-1,-1,-1,-1,-1,9,-1,-1,-1,9,-1,9,-1,-1,-1,-1,-1,9,-1,-1,9,-1,-1,-1,-1,9,-1,-1,-1,0,7,-1,-1,-1,-1,-1,-1,-1,-1,1,2,2,2,2,7,-1,-1,0,3,3,5,6,8,-1,-1,0,4,4,2,2,-1,-1,-1,-1,-1,-1,-1,-1,-1,-1,-1,-1,-1,-1,-1,-1,-1,-1,-1,-1,-1,-1,-1,-1,-1,-1,-1,-1,-1,-1,-1,-1,-1,-
4,7,-1,-1,-1,9,-1,0,2,2,7,9,-1,-1,9,-1,-1,9,-1,-1,9,-1,-1,-1,-1,9,-1,-1,-1,1,4,4,7,-1,-1,9,-1,-1,-1,9,-1,2,2,2,7,-1,-1,9,-1,-1,-1,9,-1,-1,-1,1,4,4,2,2,-1,-1,-1,-1,-1,-1,-1,-1,-1,-1,-1,-1,-1,-1,-1,-1,-1,-1,-1,-1,-1,-1,-1,-1,-1,-1,-1,-1,-1,-1,-1,-1,-1,-1,-1,-1,-1,-1,-1,-1,-1,-1,-1,-1,-1,-1,-1,-1,-1,-1,-1,-1,-1,-1,-1,-1,-1,-1,-1,-1,-1,-1,-1,-1,-1,-1,-1,-1,-1,-1
4,7,-1,-1,-1,0,-1,9,-1,9,-1,9,-1,-1,0,2,5,2,3,2,5,2,3,5,4,5,0,0,0,0,0,0,7,-1,-1,9,-1,-1,-1,-1,-1,-1,-1,-1,-1,-1,-1,9,-1,-1,-1,9,-1,-1,-1,0,4,4,2,2,7,8,-1,-1,-1,-1,-1,-1,-1,-1,9,-1,-1,-1,-1,-1,-1,-1,9,-1,-1,-1,2,2,2,2,2,2,2,2,2,2,2,2,2,2,2,2,2,2,2,2,2,2,2,2,2,2,2,-1,-1,-1,-1,-1,-1,-1,-1,-1,-1,-1,-1,-1,-1,-1,-1,-1,-1,-1,-1,-1
4,7,-1,-1,-1,0,4,4,4,4,7,9,-1,-1,9,-1,-1,-1,-1,9,9,-1,-1,-1,-1,-1,-1,-1,-1,9,-1,-1,9,-1,-1,9,-1,-1,-1,-1,-1,-1,-1,-1,-1,-1,-1,0,2,2,5,2,-1,-1,-1,-1,9,-1,-1,9,9,-1,-1,-1,-1,-1,9,-1,-1,0,4,4,7,9,-1,1,2,2,2,6,-1,-1,9,-1,-1,-1,-1,-1,-1,9,-1,9,-1,-1,0,2,2,7,-1,-1,9,-1,-1,-1,0,2,2,2,2,-1,-1,-1,-1,-1,-1,-1,-1,-1,-1,-1,-1,-1,-1,-1,-1,-1,-1,-1,-1,-1
4,7,-1,-1,-1,0,3,3,3,3,3,7,-1,-1,0,4,4,5,5,2,2,2,2,2,2,2,2,2,2,2,2,2,4,2,5,3,5,4,2,4,4,3,5,2,7,-1,-1,1,2,5,3,4,4,2,3,5,2,2,3,3,2,3,2,3,5,3,7,-1,-1,9,9,-1,-1,9,-1,9,-1,-1,0,2,2,2,2,2,2,2,2,2,2,2,7,9,-1,-1,0,2,2,0,0,0,7,-1,-1,-1,9,-1,-1,0,2,-1,-1,-1,-1,-1,-1,-1,-1,-1,-1,-1,-1,-1,-1,-1,-1,-1,-1,-1,-1,-1
-1,-1,-1,-1,-1,-1,-1,-1,-1,4,4,7,-1,-1,1,3,4,3,3,2,-1,-1,-1,-1,-1,-1,-1,-1,-1,-1,-1,-1,-1,-1,-1,-1,-1,-1,-1,3,2,3,2,4,6,-1,-1,1,-1,-1,-1,-1,-1,-1,-1,-1,-1,-1,-1,-1,-1,-1,-1,-1,-1,-1,-1,-1,-1,-1,-1,-1,-1,-1,-1,-1,-1,-1,-1,-1,-1,-1,-1,-1,-1,-1,-1,-1,-1,-1,6
-1,-1,-1,-1,-1,-1,-1,-1,-1,4,4,7,-1,-1,0,5,4,4,3,2,-1,-1,-1,-1,-1,-1,-1,-1,-1,-1,-1,-1,-1,-1,-1,-1,-1,-1,-1,2,3,2,5,2,6,-1,-1,0,-1,-1,-1,-1,-1,-1,-1,-1,-1,-1,-1,-1,-1,-1,-1,-1,-1,-1,-1,-1,-1,-1,-1,-1,-1,-1,-1,-1,-1,-1,-1,-1,-1,-1,-1,-1,-1,-1,-1,-1,-1,-1,2
-1,-1,-1,-1,-1,-1,-1,-1,-1,4,4,7,-1,-1,1,5,3,4,4,2,-1,-1,-1,-1,-1,-1,-1,-1,-1,-1,-1,-1,-1,-1,-1,-1,-1,-1,-1,2,2,2,2,2,6,-1,-1,0,-1,-1,-1,-1,-1,-1,-1,-1,-1,-1,-1,-1,-1,-1,-1,-1,-1,-1,-1,-1,-1,-1,-1,-1,-1,-1,-1,-1,-1,-1,-1,-1,-1,-1,-1,-1,-1,-1,-1,-1,-1,-1,2
-1,-1,-1,-1,-1,-1,-1,-1,-1,-1,-1,-1,-1,-1,-1,-1,-1,-1,-1,-1,-1,-1,-1,-1,-1,-1,-1,-1,-1,-1,-1,-1,-1,-1,-1,-1,-1,-1,-1,-1,-1,-1,-1,-1,-1,-1,-1,-1,-1,-1,-1,-1,-1,-1,-1,-1,-1,-1,-1,-1,-1,-1,-1,-1,-1,-1,-1,-1,-1,-1,-1,-1,-1,-1,-1,-1,-1,-1,-1,-1,-1,-1,-1,-1,-1,
-1,-1,-1,-1,-1,-1,-1,-1,-1,-1,-1,-1,-1,-1,-1,-1,-1,-1,-1,-1,-1,-1,-1,-1,-1,-1,-1,-1,-1,-1,-1,-1,-1,-1,-1,-1,-1,-1,-1,-1,-1,-1,-1,-1,-1,-1,-1,-1,-1,-1,-1,-1,-1,-1,-1,-1,-1,-1,-1,-1,-1,-1,-1,-1,-1,-1,-1,-1,-1,-1,-1,-1,-1,-1,-1,-1,-1,-1,-1,-1,-1,-1,-1,-1,-1,
-1,-1,-1,-1,-1,-1,-1,-1,-1,-1,-1,-1,-1,-1,-1,-1,-1,-1,-1,-1,-1,-1,-1,-1,-1,-1,-1,-1,-1,-1,-1,-1,-1,-1,-1,-1,-1,-1,-1,-1,-1,-1,-1,-1,-1,-1,-1,-1,-1,-1,-1,-1,-1,-1,-1,-1,-1,-1,-1,-1,-1,-1,-1,-1,-1,-1,-1,-1,-1,-1,-1,-1,-1,-1,-1,-1,-1,-1,-1,-1,-1,-1,-1,-1,-1,
